65526 1 300.276
65527 1 195.759
65528 1 127.275
65529 1 82.4007
65530 1 52.9964
65531 1 33.7285
65532 1 21.1026
65533 1 12.829
65534 1 7.40721
65535 1 3.85424
65536 1 1.52588
65526 10 1.11821e+12
65527 10 7.32717e+10
65528 10 4.80128e+09
65529 10 3.14618e+08
65530 10 2.06166e+07
65531 10 1.35101e+06
65532 10 88532.7
65533 10 5801.62
65534 10 380.098
65535 10 24.8093
65536 10 1.52588
65526 100 1.05182e+22
65527 100 6.89215e+19
65528 100 4.51622e+17
65529 100 2.95939e+15
65530 100 1.93926e+13
65531 100 1.27079e+11
65532 100 8.32764e+08
65533 100 5.45727e+06
65534 100 35763.1
65535 100 234.36
65536 100 1.52588
65526 1000 1.04561e+32
65527 1000 6.85147e+28
65528 1000 4.48956e+25
65529 1000 2.94192e+22
65530 1000 1.92781e+19
65531 1000 1.26329e+16
65532 1000 8.27849e+12
65533 1000 5.42506e+09
65534 1000 3.55521e+06
65535 1000 2329.87
65536 1000 1.52588
