65526 1e-05 300.276
65527 1e-05 195.759
65528 1e-05 127.275
65529 1e-05 82.4007
65530 1e-05 52.9964
65531 1e-05 33.7285
65532 1e-05 21.1026
65533 1e-05 12.829
65534 1e-05 7.40721
65535 1e-05 3.85424
65536 1e-05 1.52588
65526 1e-06 1.11821e+13
65527 1e-06 7.32717e+11
65528 1e-06 4.80128e+10
65529 1e-06 3.14618e+09
65530 1e-06 2.06166e+08
65531 1e-06 1.35101e+07
65532 1e-06 885327
65533 1e-06 58016.2
65534 1e-06 3800.98
65535 1e-06 248.093
65536 1e-06 15.2588
65526 1e-07 1.05182e+24
65527 1e-07 6.89215e+21
65528 1e-07 4.51622e+19
65529 1e-07 2.95939e+17
65530 1e-07 1.93926e+15
65531 1e-07 1.27079e+13
65532 1e-07 8.32764e+10
65533 1e-07 5.45727e+08
65534 1e-07 3.57631e+06
65535 1e-07 23436
65536 1e-07 152.588
65526 1e-08 1.04561e+35
65527 1e-08 6.85147e+31
65528 1e-08 4.48956e+28
65529 1e-08 2.94192e+25
65530 1e-08 1.92781e+22
65531 1e-08 1.26329e+19
65532 1e-08 8.27849e+15
65533 1e-08 5.42506e+12
65534 1e-08 3.55521e+09
65535 1e-08 2.32987e+06
65536 1e-08 1525.88
65526 1e-09 1.04499e+46
65527 1e-09 6.84743e+41
65528 1e-09 4.48691e+37
65529 1e-09 2.94018e+33
65530 1e-09 1.92667e+29
65531 1e-09 1.26255e+25
65532 1e-09 8.27361e+20
65533 1e-09 5.42186e+16
65534 1e-09 3.55311e+12
65535 1e-09 2.32849e+08
65536 1e-09 15258.8
