65526 1 300.276
65527 1 195.759
65528 1 127.275
65529 1 82.4007
65530 1 52.9964
65531 1 33.7285
65532 1 21.1026
65533 1 12.829
65534 1 7.40721
65535 1 3.85424
65536 1 1.52588
65526 2 105649
65527 2 34613.4
65528 2 11340.1
65529 2 3714.96
65530 2 1216.69
65531 2 398.148
65532 2 129.955
65533 2 42.0811
65534 2 13.2885
65535 2 3.85424
65536 2 1.52588
65526 3 2.64649e+06
65527 3 578047
65528 3 126259
65529 3 27577.9
65530 3 6023.51
65531 3 1315.4
65532 3 286.999
65533 3 62.3587
65534 3 13.2885
65535 3 3.85424
65536 3 1.52588
65526 4 1.97861e+07
65527 4 3.24125e+06
65528 4 530974
65529 4 86983.9
65530 4 14249.7
65531 4 2334.2
65532 4 382.156
65533 4 62.3587
65534 4 13.2885
65535 4 3.85424
65536 4 1.52588
