900 1 8.20287
910 1 9.06292
920 1 10.0866
930 1 11.3217
940 1 12.8346
950 1 14.7206
960 1 17.1187
970 1 20.2386
980 1 24.405
990 1 30.1382
1000 1 38.3032
900 2 0.407594
910 2 0.415893
920 2 0.424345
930 2 0.432954
940 2 0.441724
950 2 0.450661
960 2 0.459769
970 2 0.469052
980 2 0.478516
990 2 0.488167
1000 2 0.49801
900 4 0.0724465
910 4 0.0734891
920 4 0.0745386
930 4 0.0755948
940 4 0.0766579
950 4 0.077728
960 4 0.0788051
970 4 0.0798894
980 4 0.0809807
990 4 0.0820794
1000 4 0.0831853
900 6 0.0293666
910 6 0.0297515
920 6 0.030138
930 6 0.030526
940 6 0.0309155
950 6 0.0313066
960 6 0.0316992
970 6 0.0320934
980 6 0.0324891
990 6 0.0328864
1000 6 0.0332854
