8092 1e-05 0.0880317
8102 1e-05 0.0881501
8112 1e-05 0.0882685
8122 1e-05 0.0883869
8132 1e-05 0.0885054
8142 1e-05 0.0886239
8152 1e-05 0.0887424
8162 1e-05 0.088861
8172 1e-05 0.0889796
8182 1e-05 0.0890981
8192 1e-05 0.0892168
8092 1e-06 0.00815699
8102 1e-06 0.00816715
8112 1e-06 0.00817732
8122 1e-06 0.00818748
8132 1e-06 0.00819765
8142 1e-06 0.00820781
8152 1e-06 0.00821798
8162 1e-06 0.00822814
8172 1e-06 0.00823831
8182 1e-06 0.00824847
8192 1e-06 0.00825864
8092 1e-07 0.000809755
8102 1e-07 0.000810757
8112 1e-07 0.000811758
8122 1e-07 0.00081276
8132 1e-07 0.000813762
8142 1e-07 0.000814763
8152 1e-07 0.000815765
8162 1e-07 0.000816766
8172 1e-07 0.000817768
8182 1e-07 0.00081877
8192 1e-07 0.000819771
8092 1e-08 8.09165e-05
8102 1e-08 8.10166e-05
8112 1e-08 8.11166e-05
8122 1e-08 8.12166e-05
8132 1e-08 8.13166e-05
8142 1e-08 8.14166e-05
8152 1e-08 8.15166e-05
8162 1e-08 8.16167e-05
8172 1e-08 8.17167e-05
8182 1e-08 8.18167e-05
8192 1e-08 8.19167e-05
8092 1e-09 8.09107e-06
8102 1e-09 8.10107e-06
8112 1e-09 8.11107e-06
8122 1e-09 8.12107e-06
8132 1e-09 8.13107e-06
8142 1e-09 8.14107e-06
8152 1e-09 8.15107e-06
8162 1e-09 8.16107e-06
8172 1e-09 8.17107e-06
8182 1e-09 8.18107e-06
8192 1e-09 8.19107e-06
