8092 1 0.0880317
8102 1 0.0881501
8112 1 0.0882685
8122 1 0.0883869
8132 1 0.0885054
8142 1 0.0886239
8152 1 0.0887424
8162 1 0.088861
8172 1 0.0889796
8182 1 0.0890981
8192 1 0.0892168
8092 2 0.0210802
8102 2 0.0211073
8112 2 0.0211345
8122 2 0.0211617
8132 2 0.0211888
8142 2 0.021216
8152 2 0.0212432
8162 2 0.0212703
8172 2 0.0212975
8182 2 0.0213247
8192 2 0.0427037
8092 3 0.00923915
8102 3 0.00925088
8112 3 0.00926262
8122 3 0.00927436
8132 3 0.0092861
8142 3 0.00929784
8152 3 0.00930958
8162 3 0.00932132
8172 3 0.00933306
8182 3 0.0093448
8192 3 0.0421044
8092 4 0.00516126
8102 4 0.00516777
8112 4 0.00517428
8122 4 0.00518079
8132 4 0.00518731
8142 4 0.00519382
8152 4 0.00520033
8162 4 0.00520684
8172 4 0.00521336
8182 4 0.00521987
8192 4 0.0420964
